-0.3040	1.3965	1.3965	1.3977
0.7495	1.3989	1.3940	1.3953
0.6616	1.3940	1.3965	1.3953
-0.1782	1.3965	1.3965	1.3953
-0.6726	1.3916	1.3965	1.3953
-0.2832	1.3989	1.3989	1.3953
0.5933	1.3940	1.3940	1.3977
0.6274	1.3940	1.3965	1.3953
-0.2856	1.3965	1.3965	1.3977
-0.7507	1.3940	1.3965	1.3977
-0.2722	1.3965	1.3965	1.3977
0.7471	1.3965	1.3965	1.3953
0.6299	1.3940	1.3940	1.3953
-0.2051	1.3965	1.3965	1.3977
-0.7593	1.3965	1.3965	1.3953
-0.1294	1.3940	1.3965	1.3953
0.6018	1.3965	1.3916	1.3953
0.6116	1.3965	1.3940	1.3953
-0.6287	1.3989	1.3989	1.3977
-0.7532	1.3940	1.3965	1.3953
-0.2173	1.3940	1.3965	1.3928
0.7312	1.3965	1.3916	1.3953
0.5933	1.3940	1.3965	1.3977
-0.2515	1.3916	1.3965	1.3977
-0.7227	1.3965	1.3965	1.3953
0.4688	1.3940	1.3965	1.3977
0.6738	1.3965	1.3965	1.3953
0.0708	1.3965	1.3965	1.3953
-0.3247	1.3989	1.3965	1.3953
-0.5615	1.3940	1.3965	1.3977
-0.1428	1.3965	1.3916	1.3953
0.6921	1.3965	1.3940	1.3953
0.4663	1.3965	1.3965	1.3977
-0.7227	1.3965	1.3965	1.3953
-0.7275	1.3965	1.3940	1.3977
0.5286	1.3965	1.3965	1.3953
0.6921	1.3989	1.3940	1.3953
-0.1819	1.3965	1.3965	1.3977
-0.5225	1.3940	1.3965	1.3953
-0.2979	1.3916	1.3965	1.3953
0.0317	1.3989	1.3965	1.3977
0.6689	1.3965	1.3940	1.3953
0.4822	1.3965	1.3965	1.3977
-0.7507	1.3965	1.3965	1.3977
-0.6311	1.3940	1.3965	1.3977
0.6116	1.3965	1.3965	1.3977
0.7373	1.3965	1.3989	1.3977
-0.1758	1.3916	1.3965	1.3953
-0.4749	1.3965	1.3965	1.3977
-0.2356	1.3940	1.3940	1.3977
0.1257	1.3940	1.3989	1.3977
0.6482	1.3965	1.3940	1.3977
0.3992	1.3965	1.3940	1.3953
-0.7019	1.3965	1.3965	1.3953
-0.7141	1.3965	1.3965	1.3953
-0.0330	1.3965	1.3940	1.3977
0.7422	1.3965	1.3965	1.3977
0.4224	1.3965	1.3940	1.3977
-0.5896	1.3940	1.3916	1.3953
-0.7141	1.3965	1.3965	1.3953
0.2612	1.3989	1.3965	1.3953
0.5859	1.3940	1.3965	1.3953
0.3235	1.3965	1.3940	1.3953
-0.7507	1.3965	1.3965	1.3953
-0.6995	1.3965	1.3965	1.3953
0.6348	1.3989	1.3916	1.3953
0.7397	1.3989	1.3965	1.3953
-0.2234	1.3965	1.3965	1.3953
-0.5017	1.3940	1.3965	1.3928
-0.3967	1.3965	1.3965	1.3977
0.0574	1.3916	1.3940	1.3928
0.6921	1.3965	1.3965	1.3953
0.3625	1.3965	1.3965	1.3953
-0.7178	1.3940	1.3965	1.3953
-0.6750	1.3916	1.3965	1.3953
0.4895	1.3965	1.3940	1.3953
0.7373	1.3989	1.3940	1.3953
0.0427	1.3916	1.3965	1.3953
-0.5115	1.3965	1.3940	1.3928
-0.5530	1.3940	1.3965	1.3977
0.1563	1.3965	1.3916	1.4001
0.7471	1.3965	1.3965	1.3977
0.2917	1.3940	1.3940	1.3953
-0.7092	1.3965	1.3965	1.3953
-0.6494	1.3940	1.3965	1.4001
0.2869	1.3940	1.3965	1.3953
0.7495	1.3965	1.3940	1.3953
0.2368	1.3916	1.3940	1.3977
-0.5798	1.3965	1.3965	1.3953
-0.5896	1.3940	1.3965	1.3953
0.1624	1.3965	1.3940	1.3977
0.7495	1.3965	1.3965	1.3953
-0.3796	1.3940	1.3965	1.3953
-0.5920	1.3965	1.3965	1.3928
-0.0854	1.3965	1.3965	1.3953
0.1904	1.3965	1.3940	1.3953
0.5518	1.3965	1.3965	1.3953
0.2820	1.3965	1.3940	1.3928
-0.7507	1.3940	1.3965	1.3953
-0.5945	1.3965	1.3965	1.3977
0.5859	1.3940	1.3965	1.3953
0.7471	1.3989	1.3965	1.3953
-0.2417	1.4014	1.3965	1.3953
-0.6262	1.3940	1.3965	1.3953
-0.3320	1.3965	1.3965	1.3977
0.2710	1.3965	1.3940	1.3977
0.7239	1.3940	1.3940	1.3953
0.1953	1.3965	1.3965	1.3953
-0.7019	1.3940	1.3965	1.3953
-0.5823	1.3965	1.3940	1.3953
0.3625	1.3965	1.3965	1.4001
0.7495	1.3989	1.3965	1.3977
0.1392	1.3965	1.3965	1.3953
-0.6360	1.3965	1.3965	1.3953
-0.5530	1.3965	1.3940	1.3953
0.2917	1.3965	1.3989	1.3953
0.7471	1.3989	1.3940	1.3953
0.1172	1.3965	1.3965	1.3953
-0.6909	1.3965	1.3965	1.3977
-0.5432	1.3989	1.3965	1.3953
0.4089	1.3965	1.3989	1.3977
0.7397	1.3940	1.3965	1.3953
0.0610	1.3965	1.3965	1.3953
-0.6787	1.3965	1.3965	1.3953
-0.2625	1.3940	1.3940	1.3977
0.3625	1.3965	1.3965	1.3953
0.7104	1.3965	1.3940	1.3977
0.0940	1.3965	1.3965	1.3977
-0.6970	1.3965	1.3965	1.3953
-0.5115	1.3989	1.3940	1.3953
0.5127	1.3989	1.3940	1.3953
0.7312	1.3965	1.3965	1.3953
0.0549	1.3965	1.3940	1.3977
-0.7068	1.3965	1.3916	1.3953
-0.4236	1.3940	1.3940	1.3953
0.4138	1.3965	1.3965	1.3977
0.7166	1.3965	1.3965	1.3977
-0.5225	1.3940	1.3965	1.3953
-0.7275	1.3965	1.3940	1.3953
-0.0647	1.3916	1.3965	1.3953
0.4321	1.3940	1.3940	1.3953
0.5493	1.3965	1.3965	1.3953
-0.0122	1.3965	1.3965	1.3977
-0.7483	1.3965	1.3940	1.3953
-0.4150	1.3965	1.3940	1.3953
0.7007	1.3965	1.3965	1.3953
0.7129	1.3940	1.3940	1.3977
-0.3296	1.3965	1.3965	1.3953
-0.7227	1.3965	1.3940	1.3953
-0.3088	1.3965	1.3940	1.3953
0.5212	1.3965	1.3965	1.3953
0.6226	1.3965	1.3965	1.3953
-0.0696	1.3989	1.3965	1.3953
-0.7532	1.3989	1.3965	1.3953
-0.3845	1.3965	1.3965	1.3977
0.5237	1.3965	1.3965	1.3953
0.6921	1.3965	1.3916	1.3953
-0.0769	1.3965	1.3940	1.3953
-0.7385	1.3965	1.3965	1.3953
-0.3479	1.3965	1.3965	1.3928
0.4919	1.3965	1.3940	1.3953
0.6384	1.3965	1.3965	1.3953
-0.0720	1.3965	1.3965	1.3953
-0.7532	1.3965	1.3965	1.3977
0.3186	1.3965	1.3965	1.3953
0.5444	1.3940	1.3940	1.3977
0.2344	1.3965	1.3989	1.3953
-0.1550	1.3965	1.3965	1.3977
-0.6238	1.3965	1.3965	1.3953
-0.2954	1.3965	1.3965	1.3892
0.7495	1.3965	1.3965	1.3953
0.6616	1.3965	1.3965	1.3953
-0.6030	1.3940	1.3940	1.3977
-0.7532	1.3965	1.3940	1.3977
0.3601	1.3965	1.3989	1.3953
0.5701	1.3989	1.3965	1.3953
0.1599	1.3965	1.3989	1.3977
-0.1892	1.3965	1.3965	1.3977
-0.6726	1.3940	1.3965	1.3953
-0.2771	1.3940	1.3965	1.3928
0.7373	1.3965	1.3916	1.3953
0.6433	1.3940	1.3940	1.3953
-0.5322	1.3965	1.3989	1.3977
-0.7532	1.3965	1.3940	1.3977
0.0659	1.3989	1.3965	1.3977
0.6091	1.3965	1.3940	1.3953
0.4773	1.3940	1.3965	1.3953
-0.2441	1.3965	1.3940	1.3928
-0.7275	1.3989	1.3989	1.3977
0.0452	1.3965	1.3989	1.3928
0.7422	1.3965	1.3965	1.3953
0.6018	1.3965	1.3965	1.3953
-0.5554	1.3965	1.3965	1.3953
-0.7532	1.3940	1.3940	1.3953
0.0684	1.3989	1.3940	1.3977
0.6250	1.3965	1.3940	1.3892
0.4431	1.3940	1.3916	1.3953
-0.2698	1.3989	1.3940	1.3953
-0.7227	1.3965	1.3940	1.3953
-0.1477	1.3965	1.3965	1.3953
0.6848	1.3965	1.3940	1.3953
0.5444	1.3916	1.3940	1.3977
-0.3918	1.3965	1.3940	1.4001
-0.7458	1.3965	1.3965	1.3977
-0.0146	1.3965	1.3940	1.3977
0.6714	1.3940	1.3940	1.3953
0.4089	1.3965	1.3940	1.3977
-0.3430	1.3940	1.3965	1.3953
-0.7300	1.3965	1.3989	1.3953
-0.1294	1.3965	1.3965	1.3953
0.6897	1.3965	1.3965	1.3977
0.5237	1.3965	1.3940	1.3953
-0.3870	1.3940	1.3940	1.3977
-0.7458	1.3965	1.3940	1.3977
-0.1221	1.3965	1.3965	1.3953
0.6689	1.3965	1.3940	1.3977
0.4553	1.3965	1.3965	1.3953
-0.3870	1.3965	1.3916	1.3953
-0.7117	1.3965	1.3965	1.3953
-0.0464	1.3965	1.3940	1.3953
0.7166	1.3965	1.3965	1.3953
0.4773	1.3965	1.3965	1.3977
-0.4150	1.3965	1.3965	1.3977
-0.7300	1.3965	1.3965	1.3953
0.0317	1.3965	1.3965	1.3928
0.6982	1.3965	1.3940	1.3953
0.4016	1.3965	1.3965	1.3953
-0.7483	1.3965	1.3965	1.3928
-0.6909	1.3965	1.3965	1.3953
0.4529	1.3940	1.3965	1.3892
0.7263	1.3965	1.3965	1.3977
-0.0745	1.3916	1.3965	1.3953
-0.4675	1.3965	1.3965	1.3953
-0.3345	1.3965	1.3965	1.3953
0.0342	1.3940	1.3965	1.3953
0.6433	1.3965	1.3965	1.3953
0.4199	1.3965	1.3940	1.3953
-0.7507	1.3965	1.3965	1.3953
-0.6750	1.3940	1.3940	1.3953
0.5969	1.3989	1.3965	1.3928
0.7214	1.3965	1.3965	1.3977
-0.2417	1.3940	1.3940	1.3953
-0.5017	1.3965	1.3965	1.3953
-0.6885	1.3965	1.3940	1.3953
0.1282	1.3965	1.3940	1.3953
0.7263	1.3965	1.3965	1.3953
0.1233	1.3965	1.3965	1.3928
-0.5042	1.3965	1.3965	1.3953
-0.5408	1.3940	1.3965	1.3953
0.0757	1.3965	1.3940	1.3953
0.7373	1.3965	1.3965	1.3953
0.3101	1.3965	1.3940	1.3977
-0.7019	1.3965	1.3965	1.3953
-0.6543	1.3965	1.3965	1.3953
0.4553	1.3989	1.3940	1.3977
0.7471	1.3916	1.3940	1.3977
-0.3271	1.3965	1.3940	1.3977
-0.5798	1.3965	1.3965	1.3928
-0.6543	1.3965	1.3965	1.3977
0.2710	1.3965	1.3965	1.3892
0.7495	1.3965	1.3965	1.3977
0.2136	1.3916	1.3965	1.3953
-0.5737	1.3965	1.3965	1.3953
-0.6079	1.3965	1.3916	1.3977
0.1880	1.3940	1.3940	1.3953
0.7520	1.3965	1.3916	1.3953
0.2844	1.3940	1.3965	1.3953
-0.6885	1.3965	1.3940	1.3977
-0.6079	1.3940	1.3989	1.3977
0.3540	1.3940	1.3965	1.3977
0.7520	1.3965	1.3965	1.3977
-0.1160	1.3965	1.3940	1.3977
-0.6152	1.3965	1.3965	1.3977
-0.3137	1.3965	1.3965	1.3977
0.2551	1.3940	1.3965	1.3953
0.6067	1.4014	1.3965	1.3953
0.2112	1.3989	1.3989	1.3953
-0.7532	1.3965	1.3940	1.3977
-0.5249	1.3989	1.3989	1.3977
0.6641	1.3965	1.3965	1.3953
0.7556	1.3965	1.3940	1.3953
0.1904	1.3965	1.3965	1.3953
-0.6287	1.3940	1.3965	1.3977
-0.0024	1.3989	1.3940	1.3953
0.3235	1.3965	1.3965	1.3977
0.4480	1.3965	1.3965	1.3953
0.1416	1.3989	1.3940	1.3953
-0.7141	1.3965	1.3940	1.3977
-0.4907	1.3965	1.3965	1.3928
0.2844	1.3916	1.3965	1.3953
0.7166	1.3965	1.3940	1.3953
-0.5322	1.3940	1.3989	1.3953
-0.6934	1.3965	1.3965	1.3953
-0.5530	1.3916	1.3965	1.3953
0.3699	1.3965	1.3965	1.3977
0.7471	1.3965	1.3965	1.3892
0.0549	1.3965	1.3965	1.3928
-0.6909	1.3940	1.3965	1.3953
-0.3320	1.3965	1.3940	1.3953
0.3809	1.3965	1.3965	1.3977
0.7104	1.3916	1.3965	1.3928
0.0574	1.3965	1.3965	1.3953
-0.7178	1.3965	1.3989	1.3953
-0.4883	1.3940	1.3965	1.3977
0.4944	1.3965	1.3965	1.3977
0.7312	1.3965	1.3965	1.3953
-0.2283	1.3940	1.3965	1.3953
-0.6995	1.3965	1.3965	1.4001
-0.2771	1.3965	1.3965	1.3953
0.4138	1.3965	1.3965	1.3953
0.6299	1.3916	1.3940	1.3953
0.0000	0.0000	0.0000	0.0000
0.0000	0.0000	0.0000	0.0000
0.0000	0.0000	0.0000	0.0000
0.0000	0.0000	0.0000	0.0000
0.0000	0.0000	0.0000	0.0000
0.0000	0.0000	0.0000	0.0000
0.0000	0.0000	0.0000	0.0000
0.0000	0.0000	0.0000	0.0000
0.0000	0.0000	0.0000	0.0000
0.0000	0.0000	0.0000	0.0000
0.0000	0.0000	0.0000	0.0000
0.0000	0.0000	0.0000	0.0000
0.0000	0.0000	0.0000	0.0000
0.0000	0.0000	0.0000	0.0000
0.0000	0.0000	0.0000	0.0000
0.0000	0.0000	0.0000	0.0000
0.0000	0.0000	0.0000	0.0000
0.0000	0.0000	0.0000	0.0000
0.0000	0.0000	0.0000	0.0000
0.0000	0.0000	0.0000	0.0000
0.0000	0.0000	0.0000	0.0000
0.0000	0.0000	0.0000	0.0000
0.0000	0.0000	0.0000	0.0000
0.0000	0.0000	0.0000	0.0000
0.0000	0.0000	0.0000	0.0000
0.0000	0.0000	0.0000	0.0000
0.0000	0.0000	0.0000	0.0000
0.0000	0.0000	0.0000	0.0000
0.0000	0.0000	0.0000	0.0000
0.0000	0.0000	0.0000	0.0000
0.0000	0.0000	0.0000	0.0000
0.0000	0.0000	0.0000	0.0000
0.0000	0.0000	0.0000	0.0000
0.0000	0.0000	0.0000	0.0000
0.0000	0.0000	0.0000	0.0000
0.0000	0.0000	0.0000	0.0000
0.0000	0.0000	0.0000	0.0000
0.0000	0.0000	0.0000	0.0000
0.0000	0.0000	0.0000	0.0000
0.0000	0.0000	0.0000	0.0000
0.0000	0.0000	0.0000	0.0000
0.0000	0.0000	0.0000	0.0000
0.0000	0.0000	0.0000	0.0000
0.0000	0.0000	0.0000	0.0000
0.0000	0.0000	0.0000	0.0000
0.0000	0.0000	0.0000	0.0000
0.0000	0.0000	0.0000	0.0000
0.0000	0.0000	0.0000	0.0000
0.0000	0.0000	0.0000	0.0000
0.0000	0.0000	0.0000	0.0000
0.0000	0.0000	0.0000	0.0000
0.0000	0.0000	0.0000	0.0000
0.0000	0.0000	0.0000	0.0000
0.0000	0.0000	0.0000	0.0000
0.0000	0.0000	0.0000	0.0000
0.0000	0.0000	0.0000	0.0000
0.0000	0.0000	0.0000	0.0000
0.0000	0.0000	0.0000	0.0000
0.0000	0.0000	0.0000	0.0000
0.0000	0.0000	0.0000	0.0000
0.0000	0.0000	0.0000	0.0000
0.0000	0.0000	0.0000	0.0000
0.0000	0.0000	0.0000	0.0000
0.0000	0.0000	0.0000	0.0000
0.0000	0.0000	0.0000	0.0000
0.0000	0.0000	0.0000	0.0000
0.0000	0.0000	0.0000	0.0000
0.0000	0.0000	0.0000	0.0000
0.0000	0.0000	0.0000	0.0000
0.0000	0.0000	0.0000	0.0000
0.0000	0.0000	0.0000	0.0000
0.0000	0.0000	0.0000	0.0000
0.0000	0.0000	0.0000	0.0000
0.0000	0.0000	0.0000	0.0000
0.0000	0.0000	0.0000	0.0000
0.0000	0.0000	0.0000	0.0000
0.0000	0.0000	0.0000	0.0000
0.0000	0.0000	0.0000	0.0000
0.0000	0.0000	0.0000	0.0000
0.0000	0.0000	0.0000	0.0000
0.0000	0.0000	0.0000	0.0000
0.0000	0.0000	0.0000	0.0000
0.0000	0.0000	0.0000	0.0000
0.0000	0.0000	0.0000	0.0000
0.0000	0.0000	0.0000	0.0000
0.0000	0.0000	0.0000	0.0000
0.0000	0.0000	0.0000	0.0000
0.0000	0.0000	0.0000	0.0000
0.0000	0.0000	0.0000	0.0000
0.0000	0.0000	0.0000	0.0000
0.0000	0.0000	0.0000	0.0000
0.0000	0.0000	0.0000	0.0000
0.0000	0.0000	0.0000	0.0000
0.0000	0.0000	0.0000	0.0000
0.0000	0.0000	0.0000	0.0000
0.0000	0.0000	0.0000	0.0000
0.0000	0.0000	0.0000	0.0000
0.0000	0.0000	0.0000	0.0000
0.0000	0.0000	0.0000	0.0000
0.0000	0.0000	0.0000	0.0000
0.0000	0.0000	0.0000	0.0000
0.0000	0.0000	0.0000	0.0000
0.0000	0.0000	0.0000	0.0000
0.0000	0.0000	0.0000	0.0000
0.0000	0.0000	0.0000	0.0000
0.0000	0.0000	0.0000	0.0000
0.0000	0.0000	0.0000	0.0000
0.0000	0.0000	0.0000	0.0000
0.0000	0.0000	0.0000	0.0000
0.0000	0.0000	0.0000	0.0000
0.0000	0.0000	0.0000	0.0000
0.0000	0.0000	0.0000	0.0000
0.0000	0.0000	0.0000	0.0000
0.0000	0.0000	0.0000	0.0000
0.0000	0.0000	0.0000	0.0000
0.0000	0.0000	0.0000	0.0000
0.0000	0.0000	0.0000	0.0000
0.0000	0.0000	0.0000	0.0000
0.0000	0.0000	0.0000	0.0000
0.0000	0.0000	0.0000	0.0000
0.0000	0.0000	0.0000	0.0000
0.0000	0.0000	0.0000	0.0000
0.0000	0.0000	0.0000	0.0000
0.0000	0.0000	0.0000	0.0000
0.0000	0.0000	0.0000	0.0000
0.0000	0.0000	0.0000	0.0000
0.0000	0.0000	0.0000	0.0000
0.0000	0.0000	0.0000	0.0000
0.0000	0.0000	0.0000	0.0000
0.0000	0.0000	0.0000	0.0000
0.0000	0.0000	0.0000	0.0000
0.0000	0.0000	0.0000	0.0000
0.0000	0.0000	0.0000	0.0000
0.0000	0.0000	0.0000	0.0000
0.0000	0.0000	0.0000	0.0000
0.0000	0.0000	0.0000	0.0000
0.0000	0.0000	0.0000	0.0000
0.0000	0.0000	0.0000	0.0000
0.0000	0.0000	0.0000	0.0000
0.0000	0.0000	0.0000	0.0000
0.0000	0.0000	0.0000	0.0000
0.0000	0.0000	0.0000	0.0000
0.0000	0.0000	0.0000	0.0000
0.0000	0.0000	0.0000	0.0000
0.0000	0.0000	0.0000	0.0000
0.0000	0.0000	0.0000	0.0000
0.0000	0.0000	0.0000	0.0000
0.0000	0.0000	0.0000	0.0000
0.0000	0.0000	0.0000	0.0000
0.0000	0.0000	0.0000	0.0000
0.0000	0.0000	0.0000	0.0000
0.0000	0.0000	0.0000	0.0000
0.0000	0.0000	0.0000	0.0000
0.0000	0.0000	0.0000	0.0000
0.0000	0.0000	0.0000	0.0000
0.0000	0.0000	0.0000	0.0000
0.0000	0.0000	0.0000	0.0000
0.0000	0.0000	0.0000	0.0000
0.0000	0.0000	0.0000	0.0000
0.0000	0.0000	0.0000	0.0000
0.0000	0.0000	0.0000	0.0000
0.0000	0.0000	0.0000	0.0000
0.0000	0.0000	0.0000	0.0000
0.0000	0.0000	0.0000	0.0000
0.0000	0.0000	0.0000	0.0000
0.0000	0.0000	0.0000	0.0000
0.0000	0.0000	0.0000	0.0000
0.0000	0.0000	0.0000	0.0000
0.0000	0.0000	0.0000	0.0000
0.0000	0.0000	0.0000	0.0000
0.0000	0.0000	0.0000	0.0000
0.0000	0.0000	0.0000	0.0000
0.0000	0.0000	0.0000	0.0000
0.0000	0.0000	0.0000	0.0000
0.0000	0.0000	0.0000	0.0000
0.0000	0.0000	0.0000	0.0000
0.0000	0.0000	0.0000	0.0000
0.0000	0.0000	0.0000	0.0000
0.0000	0.0000	0.0000	0.0000
0.0000	0.0000	0.0000	0.0000
0.0000	0.0000	0.0000	0.0000
0.0000	0.0000	0.0000	0.0000
0.0000	0.0000	0.0000	0.0000
0.0000	0.0000	0.0000	0.0000
0.0000	0.0000	0.0000	0.0000
0.0000	0.0000	0.0000	0.0000
0.0000	0.0000	0.0000	0.0000
0.0000	0.0000	0.0000	0.0000
0.0000	0.0000	0.0000	0.0000
0.0000	0.0000	0.0000	0.0000
0.0000	0.0000	0.0000	0.0000
0.0000	0.0000	0.0000	0.0000
0.0000	0.0000	0.0000	0.0000
0.0000	0.0000	0.0000	0.0000
0.0000	0.0000	0.0000	0.0000
0.0000	0.0000	0.0000	0.0000
0.0000	0.0000	0.0000	0.0000
0.0000	0.0000	0.0000	0.0000
0.0000	0.0000	0.0000	0.0000
0.0000	0.0000	0.0000	0.0000
0.0000	0.0000	0.0000	0.0000
0.0000	0.0000	0.0000	0.0000
0.0000	0.0000	0.0000	0.0000
0.0000	0.0000	0.0000	0.0000
0.0000	0.0000	0.0000	0.0000
0.0000	0.0000	0.0000	0.0000
0.0000	0.0000	0.0000	0.0000
0.0000	0.0000	0.0000	0.0000
0.0000	0.0000	0.0000	0.0000
0.0000	0.0000	0.0000	0.0000
0.0000	0.0000	0.0000	0.0000
0.0000	0.0000	0.0000	0.0000
0.0000	0.0000	0.0000	0.0000
0.0000	0.0000	0.0000	0.0000
0.0000	0.0000	0.0000	0.0000
0.0000	0.0000	0.0000	0.0000
0.0000	0.0000	0.0000	0.0000
0.0000	0.0000	0.0000	0.0000
0.0000	0.0000	0.0000	0.0000
0.0000	0.0000	0.0000	0.0000
0.0000	0.0000	0.0000	0.0000
0.0000	0.0000	0.0000	0.0000
0.0000	0.0000	0.0000	0.0000
0.0000	0.0000	0.0000	0.0000
0.0000	0.0000	0.0000	0.0000
0.0000	0.0000	0.0000	0.0000
0.0000	0.0000	0.0000	0.0000
0.0000	0.0000	0.0000	0.0000
0.0000	0.0000	0.0000	0.0000
0.0000	0.0000	0.0000	0.0000
0.0000	0.0000	0.0000	0.0000
0.0000	0.0000	0.0000	0.0000
0.0000	0.0000	0.0000	0.0000
0.0000	0.0000	0.0000	0.0000
0.0000	0.0000	0.0000	0.0000
0.0000	0.0000	0.0000	0.0000
0.0000	0.0000	0.0000	0.0000
0.0000	0.0000	0.0000	0.0000
0.0000	0.0000	0.0000	0.0000
0.0000	0.0000	0.0000	0.0000
0.0000	0.0000	0.0000	0.0000
0.0000	0.0000	0.0000	0.0000
0.0000	0.0000	0.0000	0.0000
0.0000	0.0000	0.0000	0.0000
0.0000	0.0000	0.0000	0.0000
0.0000	0.0000	0.0000	0.0000
0.0000	0.0000	0.0000	0.0000
0.0000	0.0000	0.0000	0.0000
0.0000	0.0000	0.0000	0.0000
0.0000	0.0000	0.0000	0.0000
0.0000	0.0000	0.0000	0.0000
0.0000	0.0000	0.0000	0.0000
0.0000	0.0000	0.0000	0.0000
0.0000	0.0000	0.0000	0.0000
0.0000	0.0000	0.0000	0.0000
0.0000	0.0000	0.0000	0.0000
0.0000	0.0000	0.0000	0.0000
0.0000	0.0000	0.0000	0.0000
0.0000	0.0000	0.0000	0.0000
0.0000	0.0000	0.0000	0.0000
0.0000	0.0000	0.0000	0.0000
0.0000	0.0000	0.0000	0.0000
0.0000	0.0000	0.0000	0.0000
0.0000	0.0000	0.0000	0.0000
0.0000	0.0000	0.0000	0.0000
0.0000	0.0000	0.0000	0.0000
0.0000	0.0000	0.0000	0.0000
0.0000	0.0000	0.0000	0.0000
0.0000	0.0000	0.0000	0.0000
0.0000	0.0000	0.0000	0.0000
0.0000	0.0000	0.0000	0.0000
0.0000	0.0000	0.0000	0.0000
0.0000	0.0000	0.0000	0.0000
0.0000	0.0000	0.0000	0.0000
0.0000	0.0000	0.0000	0.0000
0.0000	0.0000	0.0000	0.0000
0.0000	0.0000	0.0000	0.0000
0.0000	0.0000	0.0000	0.0000
0.0000	0.0000	0.0000	0.0000
0.0000	0.0000	0.0000	0.0000
0.0000	0.0000	0.0000	0.0000
0.0000	0.0000	0.0000	0.0000
0.0000	0.0000	0.0000	0.0000
0.0000	0.0000	0.0000	0.0000
0.0000	0.0000	0.0000	0.0000
0.0000	0.0000	0.0000	0.0000
0.0000	0.0000	0.0000	0.0000
0.0000	0.0000	0.0000	0.0000
0.0000	0.0000	0.0000	0.0000
0.0000	0.0000	0.0000	0.0000
0.0000	0.0000	0.0000	0.0000
0.0000	0.0000	0.0000	0.0000
0.0000	0.0000	0.0000	0.0000
0.0000	0.0000	0.0000	0.0000
0.0000	0.0000	0.0000	0.0000
0.0000	0.0000	0.0000	0.0000
0.0000	0.0000	0.0000	0.0000
0.0000	0.0000	0.0000	0.0000
0.0000	0.0000	0.0000	0.0000
0.0000	0.0000	0.0000	0.0000
0.0000	0.0000	0.0000	0.0000
0.0000	0.0000	0.0000	0.0000
0.0000	0.0000	0.0000	0.0000
0.0000	0.0000	0.0000	0.0000
0.0000	0.0000	0.0000	0.0000
0.0000	0.0000	0.0000	0.0000
0.0000	0.0000	0.0000	0.0000
0.0000	0.0000	0.0000	0.0000
0.0000	0.0000	0.0000	0.0000
0.0000	0.0000	0.0000	0.0000
0.0000	0.0000	0.0000	0.0000
0.0000	0.0000	0.0000	0.0000
0.0000	0.0000	0.0000	0.0000
0.0000	0.0000	0.0000	0.0000
0.0000	0.0000	0.0000	0.0000
0.0000	0.0000	0.0000	0.0000
0.0000	0.0000	0.0000	0.0000
0.0000	0.0000	0.0000	0.0000
0.0000	0.0000	0.0000	0.0000
0.0000	0.0000	0.0000	0.0000
0.0000	0.0000	0.0000	0.0000
0.0000	0.0000	0.0000	0.0000
0.0000	0.0000	0.0000	0.0000
0.0000	0.0000	0.0000	0.0000
0.0000	0.0000	0.0000	0.0000
0.0000	0.0000	0.0000	0.0000
0.0000	0.0000	0.0000	0.0000
0.0000	0.0000	0.0000	0.0000
0.0000	0.0000	0.0000	0.0000
0.0000	0.0000	0.0000	0.0000
0.0000	0.0000	0.0000	0.0000
0.0000	0.0000	0.0000	0.0000
0.0000	0.0000	0.0000	0.0000
0.0000	0.0000	0.0000	0.0000
0.0000	0.0000	0.0000	0.0000
0.0000	0.0000	0.0000	0.0000
0.0000	0.0000	0.0000	0.0000
0.0000	0.0000	0.0000	0.0000
0.0000	0.0000	0.0000	0.0000
0.0000	0.0000	0.0000	0.0000
0.0000	0.0000	0.0000	0.0000
0.0000	0.0000	0.0000	0.0000
0.0000	0.0000	0.0000	0.0000
0.0000	0.0000	0.0000	0.0000
0.0000	0.0000	0.0000	0.0000
0.0000	0.0000	0.0000	0.0000
0.0000	0.0000	0.0000	0.0000
0.0000	0.0000	0.0000	0.0000
0.0000	0.0000	0.0000	0.0000
0.0000	0.0000	0.0000	0.0000
0.0000	0.0000	0.0000	0.0000
0.0000	0.0000	0.0000	0.0000
0.0000	0.0000	0.0000	0.0000
0.0000	0.0000	0.0000	0.0000
0.0000	0.0000	0.0000	0.0000
0.0000	0.0000	0.0000	0.0000
0.0000	0.0000	0.0000	0.0000
0.0000	0.0000	0.0000	0.0000
0.0000	0.0000	0.0000	0.0000
0.0000	0.0000	0.0000	0.0000
0.0000	0.0000	0.0000	0.0000
0.0000	0.0000	0.0000	0.0000
0.0000	0.0000	0.0000	0.0000
0.0000	0.0000	0.0000	0.0000
0.0000	0.0000	0.0000	0.0000
0.0000	0.0000	0.0000	0.0000
0.0000	0.0000	0.0000	0.0000
0.0000	0.0000	0.0000	0.0000
0.0000	0.0000	0.0000	0.0000
0.0000	0.0000	0.0000	0.0000
0.0000	0.0000	0.0000	0.0000
0.0000	0.0000	0.0000	0.0000
0.0000	0.0000	0.0000	0.0000
0.0000	0.0000	0.0000	0.0000
0.0000	0.0000	0.0000	0.0000
0.0000	0.0000	0.0000	0.0000
0.0000	0.0000	0.0000	0.0000
0.0000	0.0000	0.0000	0.0000
0.0000	0.0000	0.0000	0.0000
0.0000	0.0000	0.0000	0.0000
0.0000	0.0000	0.0000	0.0000
0.0000	0.0000	0.0000	0.0000
0.0000	0.0000	0.0000	0.0000
0.0000	0.0000	0.0000	0.0000
0.0000	0.0000	0.0000	0.0000
0.0000	0.0000	0.0000	0.0000
0.0000	0.0000	0.0000	0.0000
0.0000	0.0000	0.0000	0.0000
0.0000	0.0000	0.0000	0.0000
0.0000	0.0000	0.0000	0.0000
0.0000	0.0000	0.0000	0.0000
0.0000	0.0000	0.0000	0.0000
0.0000	0.0000	0.0000	0.0000
0.0000	0.0000	0.0000	0.0000
0.0000	0.0000	0.0000	0.0000
0.0000	0.0000	0.0000	0.0000
0.0000	0.0000	0.0000	0.0000
0.0000	0.0000	0.0000	0.0000
0.0000	0.0000	0.0000	0.0000
0.0000	0.0000	0.0000	0.0000
0.0000	0.0000	0.0000	0.0000
0.0000	0.0000	0.0000	0.0000
0.0000	0.0000	0.0000	0.0000
0.0000	0.0000	0.0000	0.0000
0.0000	0.0000	0.0000	0.0000
0.0000	0.0000	0.0000	0.0000
0.0000	0.0000	0.0000	0.0000
0.0000	0.0000	0.0000	0.0000
0.0000	0.0000	0.0000	0.0000
0.0000	0.0000	0.0000	0.0000
0.0000	0.0000	0.0000	0.0000
0.0000	0.0000	0.0000	0.0000
0.0000	0.0000	0.0000	0.0000
0.0000	0.0000	0.0000	0.0000
0.0000	0.0000	0.0000	0.0000
0.0000	0.0000	0.0000	0.0000
0.0000	0.0000	0.0000	0.0000
0.0000	0.0000	0.0000	0.0000
0.0000	0.0000	0.0000	0.0000
0.0000	0.0000	0.0000	0.0000
0.0000	0.0000	0.0000	0.0000
0.0000	0.0000	0.0000	0.0000
0.0000	0.0000	0.0000	0.0000
0.0000	0.0000	0.0000	0.0000
0.0000	0.0000	0.0000	0.0000
0.0000	0.0000	0.0000	0.0000
0.0000	0.0000	0.0000	0.0000
0.0000	0.0000	0.0000	0.0000
0.0000	0.0000	0.0000	0.0000
0.0000	0.0000	0.0000	0.0000
0.0000	0.0000	0.0000	0.0000
0.0000	0.0000	0.0000	0.0000
0.0000	0.0000	0.0000	0.0000
0.0000	0.0000	0.0000	0.0000
0.0000	0.0000	0.0000	0.0000
0.0000	0.0000	0.0000	0.0000
0.0000	0.0000	0.0000	0.0000
0.0000	0.0000	0.0000	0.0000
0.0000	0.0000	0.0000	0.0000
0.0000	0.0000	0.0000	0.0000
0.0000	0.0000	0.0000	0.0000
0.0000	0.0000	0.0000	0.0000
0.0000	0.0000	0.0000	0.0000
0.0000	0.0000	0.0000	0.0000
0.0000	0.0000	0.0000	0.0000
0.0000	0.0000	0.0000	0.0000
0.0000	0.0000	0.0000	0.0000
0.0000	0.0000	0.0000	0.0000
0.0000	0.0000	0.0000	0.0000
0.0000	0.0000	0.0000	0.0000
0.0000	0.0000	0.0000	0.0000
0.0000	0.0000	0.0000	0.0000
0.0000	0.0000	0.0000	0.0000
0.0000	0.0000	0.0000	0.0000
0.0000	0.0000	0.0000	0.0000
0.0000	0.0000	0.0000	0.0000
0.0000	0.0000	0.0000	0.0000
0.0000	0.0000	0.0000	0.0000
0.0000	0.0000	0.0000	0.0000
0.0000	0.0000	0.0000	0.0000
0.0000	0.0000	0.0000	0.0000
0.0000	0.0000	0.0000	0.0000
0.0000	0.0000	0.0000	0.0000
0.0000	0.0000	0.0000	0.0000
0.0000	0.0000	0.0000	0.0000
0.0000	0.0000	0.0000	0.0000
0.0000	0.0000	0.0000	0.0000
0.0000	0.0000	0.0000	0.0000
0.0000	0.0000	0.0000	0.0000
0.0000	0.0000	0.0000	0.0000
0.0000	0.0000	0.0000	0.0000
0.0000	0.0000	0.0000	0.0000
0.0000	0.0000	0.0000	0.0000
0.0000	0.0000	0.0000	0.0000
0.0000	0.0000	0.0000	0.0000
0.0000	0.0000	0.0000	0.0000
0.0000	0.0000	0.0000	0.0000
0.0000	0.0000	0.0000	0.0000
0.0000	0.0000	0.0000	0.0000
0.0000	0.0000	0.0000	0.0000
0.0000	0.0000	0.0000	0.0000
0.0000	0.0000	0.0000	0.0000
0.0000	0.0000	0.0000	0.0000
0.0000	0.0000	0.0000	0.0000
0.0000	0.0000	0.0000	0.0000
0.0000	0.0000	0.0000	0.0000
0.0000	0.0000	0.0000	0.0000
0.0000	0.0000	0.0000	0.0000
0.0000	0.0000	0.0000	0.0000
0.0000	0.0000	0.0000	0.0000
0.0000	0.0000	0.0000	0.0000
0.0000	0.0000	0.0000	0.0000
0.0000	0.0000	0.0000	0.0000
0.0000	0.0000	0.0000	0.0000
0.0000	0.0000	0.0000	0.0000
0.0000	0.0000	0.0000	0.0000
0.0000	0.0000	0.0000	0.0000
0.0000	0.0000	0.0000	0.0000
0.0000	0.0000	0.0000	0.0000
0.0000	0.0000	0.0000	0.0000
0.0000	0.0000	0.0000	0.0000
0.0000	0.0000	0.0000	0.0000
0.0000	0.0000	0.0000	0.0000
0.0000	0.0000	0.0000	0.0000
0.0000	0.0000	0.0000	0.0000
0.0000	0.0000	0.0000	0.0000
0.0000	0.0000	0.0000	0.0000
0.0000	0.0000	0.0000	0.0000
0.0000	0.0000	0.0000	0.0000
0.0000	0.0000	0.0000	0.0000
0.0000	0.0000	0.0000	0.0000
0.0000	0.0000	0.0000	0.0000
0.0000	0.0000	0.0000	0.0000
0.0000	0.0000	0.0000	0.0000
0.0000	0.0000	0.0000	0.0000
0.0000	0.0000	0.0000	0.0000
0.0000	0.0000	0.0000	0.0000
0.0000	0.0000	0.0000	0.0000
0.0000	0.0000	0.0000	0.0000
0.0000	0.0000	0.0000	0.0000
0.0000	0.0000	0.0000	0.0000
0.0000	0.0000	0.0000	0.0000
0.0000	0.0000	0.0000	0.0000
0.0000	0.0000	0.0000	0.0000
0.0000	0.0000	0.0000	0.0000
0.0000	0.0000	0.0000	0.0000
0.0000	0.0000	0.0000	0.0000
0.0000	0.0000	0.0000	0.0000
0.0000	0.0000	0.0000	0.0000
0.0000	0.0000	0.0000	0.0000
0.0000	0.0000	0.0000	0.0000
0.0000	0.0000	0.0000	0.0000
0.0000	0.0000	0.0000	0.0000
0.0000	0.0000	0.0000	0.0000
0.0000	0.0000	0.0000	0.0000
0.0000	0.0000	0.0000	0.0000
0.0000	0.0000	0.0000	0.0000
0.0000	0.0000	0.0000	0.0000
0.0000	0.0000	0.0000	0.0000
0.0000	0.0000	0.0000	0.0000
0.0000	0.0000	0.0000	0.0000
0.0000	0.0000	0.0000	0.0000
0.0000	0.0000	0.0000	0.0000
0.0000	0.0000	0.0000	0.0000
0.0000	0.0000	0.0000	0.0000
0.0000	0.0000	0.0000	0.0000
0.0000	0.0000	0.0000	0.0000
0.0000	0.0000	0.0000	0.0000
0.0000	0.0000	0.0000	0.0000
0.0000	0.0000	0.0000	0.0000
0.0000	0.0000	0.0000	0.0000
0.0000	0.0000	0.0000	0.0000
0.0000	0.0000	0.0000	0.0000
0.0000	0.0000	0.0000	0.0000
0.0000	0.0000	0.0000	0.0000
0.0000	0.0000	0.0000	0.0000
0.0000	0.0000	0.0000	0.0000
0.0000	0.0000	0.0000	0.0000
0.0000	0.0000	0.0000	0.0000
0.0000	0.0000	0.0000	0.0000
0.0000	0.0000	0.0000	0.0000
0.0000	0.0000	0.0000	0.0000
0.0000	0.0000	0.0000	0.0000
0.0000	0.0000	0.0000	0.0000
0.0000	0.0000	0.0000	0.0000
0.0000	0.0000	0.0000	0.0000
0.0000	0.0000	0.0000	0.0000
0.0000	0.0000	0.0000	0.0000
0.0000	0.0000	0.0000	0.0000
0.0000	0.0000	0.0000	0.0000
0.0000	0.0000	0.0000	0.0000
0.0000	0.0000	0.0000	0.0000
0.0000	0.0000	0.0000	0.0000
0.0000	0.0000	0.0000	0.0000
0.0000	0.0000	0.0000	0.0000
0.0000	0.0000	0.0000	0.0000
0.0000	0.0000	0.0000	0.0000
0.0000	0.0000	0.0000	0.0000
0.0000	0.0000	0.0000	0.0000
0.0000	0.0000	0.0000	0.0000
0.0000	0.0000	0.0000	0.0000
0.0000	0.0000	0.0000	0.0000
0.0000	0.0000	0.0000	0.0000
0.0000	0.0000	0.0000	0.0000
0.0000	0.0000	0.0000	0.0000
0.0000	0.0000	0.0000	0.0000
0.0000	0.0000	0.0000	0.0000
0.0000	0.0000	0.0000	0.0000
0.0000	0.0000	0.0000	0.0000
0.0000	0.0000	0.0000	0.0000
0.0000	0.0000	0.0000	0.0000
0.0000	0.0000	0.0000	0.0000
0.0000	0.0000	0.0000	0.0000
0.0000	0.0000	0.0000	0.0000
0.0000	0.0000	0.0000	0.0000
0.0000	0.0000	0.0000	0.0000
0.0000	0.0000	0.0000	0.0000
0.0000	0.0000	0.0000	0.0000
0.0000	0.0000	0.0000	0.0000
0.0000	0.0000	0.0000	0.0000
0.0000	0.0000	0.0000	0.0000
0.0000	0.0000	0.0000	0.0000
0.0000	0.0000	0.0000	0.0000
0.0000	0.0000	0.0000	0.0000
0.0000	0.0000	0.0000	0.0000
0.0000	0.0000	0.0000	0.0000
0.0000	0.0000	0.0000	0.0000
0.0000	0.0000	0.0000	0.0000
0.0000	0.0000	0.0000	0.0000
0.0000	0.0000	0.0000	0.0000
0.0000	0.0000	0.0000	0.0000
0.0000	0.0000	0.0000	0.0000
0.0000	0.0000	0.0000	0.0000
0.0000	0.0000	0.0000	0.0000
0.0000	0.0000	0.0000	0.0000
0.0000	0.0000	0.0000	0.0000
0.0000	0.0000	0.0000	0.0000
0.0000	0.0000	0.0000	0.0000
0.0000	0.0000	0.0000	0.0000
0.0000	0.0000	0.0000	0.0000
0.0000	0.0000	0.0000	0.0000
0.0000	0.0000	0.0000	0.0000
0.0000	0.0000	0.0000	0.0000
0.0000	0.0000	0.0000	0.0000
0.0000	0.0000	0.0000	0.0000
0.0000	0.0000	0.0000	0.0000
0.0000	0.0000	0.0000	0.0000
0.0000	0.0000	0.0000	0.0000
0.0000	0.0000	0.0000	0.0000
0.0000	0.0000	0.0000	0.0000
0.0000	0.0000	0.0000	0.0000
0.0000	0.0000	0.0000	0.0000
0.0000	0.0000	0.0000	0.0000
0.0000	0.0000	0.0000	0.0000
0.0000	0.0000	0.0000	0.0000
0.0000	0.0000	0.0000	0.0000
0.0000	0.0000	0.0000	0.0000
0.0000	0.0000	0.0000	0.0000
0.0000	0.0000	0.0000	0.0000
0.0000	0.0000	0.0000	0.0000
0.0000	0.0000	0.0000	0.0000
0.0000	0.0000	0.0000	0.0000
0.0000	0.0000	0.0000	0.0000
0.0000	0.0000	0.0000	0.0000
0.0000	0.0000	0.0000	0.0000
0.0000	0.0000	0.0000	0.0000
0.0000	0.0000	0.0000	0.0000
0.0000	0.0000	0.0000	0.0000
0.0000	0.0000	0.0000	0.0000
0.0000	0.0000	0.0000	0.0000
0.0000	0.0000	0.0000	0.0000
0.0000	0.0000	0.0000	0.0000
0.0000	0.0000	0.0000	0.0000
0.0000	0.0000	0.0000	0.0000
0.0000	0.0000	0.0000	0.0000
0.0000	0.0000	0.0000	0.0000
0.0000	0.0000	0.0000	0.0000
0.0000	0.0000	0.0000	0.0000
0.0000	0.0000	0.0000	0.0000
0.0000	0.0000	0.0000	0.0000
0.0000	0.0000	0.0000	0.0000
0.0000	0.0000	0.0000	0.0000
0.0000	0.0000	0.0000	0.0000
0.0000	0.0000	0.0000	0.0000
0.0000	0.0000	0.0000	0.0000
0.0000	0.0000	0.0000	0.0000
0.0000	0.0000	0.0000	0.0000
0.0000	0.0000	0.0000	0.0000
0.0000	0.0000	0.0000	0.0000
0.0000	0.0000	0.0000	0.0000
0.0000	0.0000	0.0000	0.0000
0.0000	0.0000	0.0000	0.0000
0.0000	0.0000	0.0000	0.0000
0.0000	0.0000	0.0000	0.0000
0.0000	0.0000	0.0000	0.0000
0.0000	0.0000	0.0000	0.0000
0.0000	0.0000	0.0000	0.0000
0.0000	0.0000	0.0000	0.0000
0.0000	0.0000	0.0000	0.0000
0.0000	0.0000	0.0000	0.0000
0.0000	0.0000	0.0000	0.0000
0.0000	0.0000	0.0000	0.0000
0.0000	0.0000	0.0000	0.0000
0.0000	0.0000	0.0000	0.0000
0.0000	0.0000	0.0000	0.0000
0.0000	0.0000	0.0000	0.0000
0.0000	0.0000	0.0000	0.0000
0.0000	0.0000	0.0000	0.0000
0.0000	0.0000	0.0000	0.0000
0.0000	0.0000	0.0000	0.0000
0.0000	0.0000	0.0000	0.0000
0.0000	0.0000	0.0000	0.0000
0.0000	0.0000	0.0000	0.0000
0.0000	0.0000	0.0000	0.0000
0.0000	0.0000	0.0000	0.0000
0.0000	0.0000	0.0000	0.0000
0.0000	0.0000	0.0000	0.0000
0.0000	0.0000	0.0000	0.0000
0.0000	0.0000	0.0000	0.0000
0.0000	0.0000	0.0000	0.0000
0.0000	0.0000	0.0000	0.0000
0.0000	0.0000	0.0000	0.0000
0.0000	0.0000	0.0000	0.0000
0.0000	0.0000	0.0000	0.0000
0.0000	0.0000	0.0000	0.0000
0.0000	0.0000	0.0000	0.0000
0.0000	0.0000	0.0000	0.0000
0.0000	0.0000	0.0000	0.0000
0.0000	0.0000	0.0000	0.0000
0.0000	0.0000	0.0000	0.0000
0.0000	0.0000	0.0000	0.0000
0.0000	0.0000	0.0000	0.0000
0.0000	0.0000	0.0000	0.0000
